full_pc <- c(0.0738557266924763,
            0.06335943377285258,
            0.15838938055643445,
            0.06574480615215172,
            0.07209086040263613,
            0.23926958420413674,
            0.03424208981595071,
            0.037165424556822195,
            0.07458946660727934,
            0.04400908449388716,
            0.10139357423983593,
            0.07632256735930056,
            0.04213024438508183,
            0.0766729945279408,
            0.10131197174963391,
            0.12168236740879165,
            0.052673814821299444,
            0.03148763833638952,
            0.02686349851918292,
            0.1872927107800621,
            0.23772777865711017,
            0.09966844827576789)
null_pc <- c(0.05547411847805595,
            0.04916604231492853,
            0.15340684986207015,
            0.05586691687216059,
            0.06371282488203746,
            0.26464103937426736,
            0.026524084666297153,
            0.040320048088486354,
            0.06255681718750891,
            0.03776247395290339,
            0.09681803509185204,
            0.06692177771729418,
            0.03875311938352932,
            0.0741571890252567,
            0.09874209057137519,
            0.12501392540943732,
            0.041843191187326274,
            0.021393411040266232,
            0.019905021599635125,
            0.20083844245275395,
            0.17146477224945525,
            0.07948632573010742)

full_ae = c(0.07060513532954955,
            0.051304144740841204,
            0.16411837759958517,
            0.06104515760009391,
            0.07538094621435412,
            0.2340343870831338,
            0.031147500636951136,
            0.03852944626907156,
            0.07011120176946481,
            0.04121304589082777,
            0.09512884967649272,
            0.0761329963633753,
            0.039190102734834045,
            0.07164400785337298,
            0.09922152246610177,
            0.12403393243471643,
            0.056375814565248844,
            0.021772783122969704,
            0.02867456530828251,
            0.19515433152050488,
            0.2411299564744607,
            0.10216725545909223)

null_ae = c(0.05547411847805595,
            0.04916604231492853,
            0.15340684986207015,
            0.05586691687216059,
            0.06371282488203746,
            0.26464103937426736,
            0.026524084666297153,
            0.040320048088486354,
            0.06255681718750891,
            0.03776247395290339,
            0.09681803509185204,
            0.06692177771729418,
            0.03875311938352932,
            0.0741571890252567,
            0.09874209057137519,
            0.12501392540943732,
            0.041843191187326274,
            0.021393411040266232,
            0.019905021599635125,
            0.20083844245275395,
            0.17146477224945525,
            0.07948632573010742
            )

full_m = c(0.056228248562778076,
           0.06112837284561189,
           0.15332082500750452,
           0.05418669410057559,
           0.07170411653150535,
           0.2440530545940647,
           0.03337839356358375,
           0.059009452790965984,
           0.06984381117828015,
           0.04398162397373534,
           0.08661495139266683,
           0.05682642556812403,
           0.04450119820184725,
           0.061408385003926015,
           0.10368603397784258,
           0.12765380782900745,
           0.04326566664247869,
           0.0218358498661237,
           0.022296050269558648,
           0.18591790900079724,
           0.20726879017305644,
           0.0764372491284498)


null_m = c(0.050890576471921536,
           0.05711693908062715,
           0.14782267266432095,
           0.05004242490720806,
           0.06768054532952589,
           0.25021574435281363,
           0.03134311979922881,
           0.0562822144438549,
           0.0652443020450793,
           0.04498096818431395,
           0.08536941610466327,
           0.05615477527958596,
           0.04348273617651961,
           0.06425014764980153,
           0.09926621226296625,
           0.12409022551081154,
           0.041368159383121376,
           0.0182489536012524,
           0.01933164349118164,
           0.18627130447765816,
           0.18932609113169796,
           0.07286963402842997)



library(ggplot2)
library(data.table)
data_table <- data.frame(
  delta_r2_PCs = full_pc-null_pc ,
  delta_r2_VDTFM = full_m - null_m,
  delta_r2_ae = full_ae - null_ae
)
data_table = data.table(data_table)
data_table = melt(data_table, measure.vars=c("delta_r2_PCs","delta_r2_VDTFM","delta_r2_ae"), variable.name="model", value.name = "delta_r2")
ggplot(data_table, aes(model, delta_r2)) + geom_boxplot()

